Random A: 
 0.8401877  0.3943829  0.7830992  0.7984400 
 0.9116474  0.1975514  0.3352228  0.7682296 
 0.2777747  0.5539700  0.4773971  0.6288709 
 0.3647845  0.5134009  0.9522297  0.9161951 
 0.6357117  0.7172969  0.1416026  0.6069689 
 0.0163006  0.2428868  0.1372316  0.8041768 
 0.1566791  0.4009444  0.1297904  0.1088088 
 0.9989245  0.2182569  0.5129324  0.8391122 

 Random Q: 
 0.4715963 -0.0317044  0.3150878 -0.2242101 
 0.5117065 -0.3009451 -0.1557434  0.2008255 
 0.1559146  0.4796049  0.1016309 -0.0105792 
 0.2047531  0.3821285  0.6843156 -0.0060424 
 0.3568242  0.4606740 -0.6053550 -0.0758515 
 0.0091495  0.2715529  0.0055819  0.8930193 
 0.0879438  0.3728899 -0.1766954 -0.3120070 
 0.5606950 -0.3276820  0.0118294  0.0930874 

 Upper triangular R: 
 1.7815826  0.8943775  1.1610432  1.7592874 
 0.0000000  0.8643019  0.4499418  0.6588078 
 0.0000000  0.0000000  0.7928608  0.4505687 
 0.0000000  0.0000000  0.0000000  0.6793403 

 QR=A: 
 0.8401877  0.3943829  0.7830992  0.7984400 
 0.9116474  0.1975514  0.3352228  0.7682296 
 0.2777747  0.5539700  0.4773971  0.6288709 
 0.3647845  0.5134009  0.9522297  0.9161951 
 0.6357117  0.7172969  0.1416026  0.6069689 
 0.0163006  0.2428868  0.1372316  0.8041768 
 0.1566791  0.4009444  0.1297904  0.1088088 
 0.9989245  0.2182569  0.5129324  0.8391122 

 Identity=QTQ: 
 1.0000000  0.0000000  0.0000000  0.0000000 
 0.0000000  1.0000000 -0.0000000  0.0000000 
 0.0000000 -0.0000000  1.0000000  0.0000000 
 0.0000000  0.0000000  0.0000000  1.0000000 
b: 
 0.3984367  0.8147669  0.6842185  0.9109720  0.4824907  0.2158250  0.9502524  0.9201283 

 Ax=b: 
 0.3984367  0.8147669  0.6842185  0.9109720  0.4824907  0.2158250  0.9502524  0.9201283 
